0 -4.098972638895497 2048 0.0 0 -4.098972638895497
0 -6.244923901477352 71 0.323943661971831 38.0 -3.3871899127475142
1 -1.5814298453316653 62 0.27419354838709675 38.0 -2.135854938471287
2 0.07972378913163962 60 0.4166666666666667 38.0 -1.5750049150883514
3 2.2680916498178263 57 0.3508771929824561 38.0 -0.8659337267269747
4 0.8372128981314683 63 0.36507936507936506 38.0 -1.732068315591625
5 3.63523472322665 55 0.4 38.0 -0.3596947302990965
6 3.291584337123362 58 0.5 38.0 -0.744944146046224
7 3.8837593739135565 55 0.45454545454545453 38.0 -0.40508534164786836
8 3.4926935924946116 56 0.5892857142857143 38.0 -0.49961945308490846
9 3.924016302807634 58 0.41379310344827586 38.0 -0.9784731246618568
10 2.0294846427674154 60 0.5166666666666667 38.0 -1.2156519135208879
11 4.754450154247196 54 0.4074074074074074 38.0 -0.17622008329871724
12 3.8527433927336885 54 0.46296296296296297 38.0 -0.203150688187416
13 4.456988249098779 55 0.45454545454545453 38.0 -0.34236673695135167
14 4.416130353151966 54 0.5185185185185185 38.0 -0.10864057577966506
15 3.7116177406426583 55 0.43636363636363634 38.0 -0.36809835999391805
16 3.9406244373870636 57 0.5614035087719298 38.0 -0.6185922760775443
17 4.644421361189518 54 0.5 38.0 -0.1142787192232096
18 4.268894564442723 57 0.5789473684210527 38.0 -0.4470087055407564
19 4.089449908906353 54 0.48148148148148145 38.0 -0.15093696788617464
20 2.913977770165859 59 0.4576271186440678 38.0 -1.1696123087700725
21 3.760749431652109 57 0.47368421052631576 38.0 -0.6379282326142297
0 -6.244923901477352 71 0.323943661971831 38.0 -3.3871899127475142
1 -1.5814298453316662 62 0.27419354838709675 38.0 -2.135854938471287
2 0.07972378913163498 60 0.4166666666666667 38.0 -1.5750049150883514
3 2.268091649817826 57 0.3508771929824561 38.0 -0.8659337267269747
4 0.8372128981314851 63 0.36507936507936506 38.0 -1.7320683155916243
5 3.635234723226655 55 0.4 38.0 -0.35969473029909627
6 3.291584337123774 58 0.5 38.0 -0.744944146046217
7 3.883759373947008 55 0.45454545454545453 38.0 -0.40508534164570076
8 3.4926935255778098 56 0.5892857142857143 38.0 -0.4996194550280818
9 3.924016219221886 58 0.41379310344827586 38.0 -0.9784730778411731
10 2.0312601386162523 60 0.5166666666666667 38.0 -1.2160921330683216
11 4.789227705406102 54 0.3888888888888889 38.0 -0.20894758527618773
12 3.963686543370209 54 0.5 38.0 -0.15186807049525639
13 4.658716225917999 55 0.4727272727272727 38.0 -0.3146501907165618
14 4.148590303323785 54 0.5185185185185185 38.0 -0.1081884295282802
15 3.659879520871423 55 0.45454545454545453 38.0 -0.37923313167948725
16 4.101474377678884 57 0.5263157894736842 38.0 -0.6660580299816407
17 4.517978694661263 54 0.5370370370370371 38.0 -0.05834248708982014
18 4.239805416815633 57 0.6140350877192983 38.0 -0.3975252697443305
19 4.038919107220541 54 0.5370370370370371 38.0 -0.11071275575205082
20 3.0634285659090748 59 0.5084745762711864 38.0 -1.062554479406186
21 3.816324739461269 57 0.49122807017543857 38.0 -0.6510633017148781
22 4.2565924398365125 55 0.5818181818181818 38.0 -0.15474239451224114
23 4.41472187820462 57 0.5087719298245614 38.0 -0.7415416547912539
24 4.549240575988987 54 0.5740740740740741 38.0 -0.04284458590497054
25 3.2735513643468757 58 0.43103448275862066 38.0 -0.9781172952104094
26 4.293091965574159 56 0.48214285714285715 38.0 -0.47083428199630745
27 4.293284150216101 57 0.5087719298245614 38.0 -0.5878363113043954
28 4.342173819188403 56 0.375 38.0 -0.7727146976967025
29 4.296305365848514 54 0.42592592592592593 38.0 -0.27426675958425917
30 4.153272049528256 55 0.5454545454545454 38.0 -0.20546626173024707
31 4.321022175456816 55 0.5636363636363636 38.0 -0.2564424096296076
32 4.244281309121171 56 0.44642857142857145 38.0 -0.6155131465690004
33 5.274343142222149 54 0.5185185185185185 38.0 -0.10579750078357796
34 4.05317668374774 58 0.5172413793103449 38.0 -0.7775049867283662
35 4.28938678112944 53 0.32075471698113206 38.0 -0.221963942309591
36 4.697770677439243 55 0.4909090909090909 38.0 -0.3378698989605314
37 3.55893058665436 57 0.543859649122807 38.0 -0.5188792327097291
38 4.783839619864028 56 0.44642857142857145 38.0 -0.5396866794808803
39 3.0974218852117863 60 0.4 38.0 -1.271959845832361
40 4.18217084818675 57 0.47368421052631576 38.0 -0.610794976941985
41 4.419934064816933 55 0.38181818181818183 38.0 -0.43188672890685237
42 5.044002964838253 55 0.6181818181818182 38.0 -0.11561490373052066
43 4.540217321354109 56 0.625 38.0 -0.29322605036056254
44 4.940821766916052 55 0.4909090909090909 38.0 -0.3344409659796601
45 5.353911749507766 57 0.5263157894736842 38.0 -0.5969903332966795
46 4.736685353771434 56 0.5 38.0 -0.34806074327608666
47 4.165921689888068 56 0.5178571428571429 38.0 -0.37812786476461363
48 4.875094392450841 54 0.5185185185185185 38.0 -0.12191616375795569
49 4.849143566399095 55 0.38181818181818183 38.0 -0.4128674406365688
50 4.3839586721673784 56 0.48214285714285715 38.0 -0.5060505672048102
51 5.0009713057379965 55 0.5818181818181818 38.0 -0.13600089217947972
52 4.158391140870622 56 0.5535714285714286 38.0 -0.3757103841963453
53 5.2403353565784645 54 0.4444444444444444 38.0 -0.16117887918180032
54 4.162763784084073 57 0.42105263157894735 38.0 -0.6490268924421839
55 3.876174294533223 57 0.43859649122807015 38.0 -0.6676309643624047
56 4.604416351752967 54 0.4444444444444444 38.0 -0.23774199180077357
57 2.935387461818017 59 0.423728813559322 38.0 -1.2471301645987103
58 4.362020465982532 57 0.49122807017543857 38.0 -0.5841782263842337
59 4.683261590038615 54 0.46296296296296297 38.0 -0.1481737238941388
60 3.8030336382551955 57 0.47368421052631576 38.0 -0.7110150585339364
61 4.7835642021223 57 0.47368421052631576 38.0 -0.7698145328490112
62 3.4443948546976415 61 0.5409836065573771 38.0 -1.2272493673135363
63 4.6856515076534855 57 0.49122807017543857 38.0 -0.7000056345074465
64 3.453215483330312 57 0.40350877192982454 38.0 -0.6930152160265858
65 3.237176479801002 59 0.423728813559322 38.0 -1.1755696794944128
66 4.416947419947489 55 0.34545454545454546 38.0 -0.47764385710699914
67 4.168738730479611 56 0.5357142857142857 38.0 -0.41118194980682804
68 5.435225050249526 55 0.6 38.0 -0.12758802100641536
69 5.346611960063767 56 0.4642857142857143 38.0 -0.40654809047371465
70 4.464327525867913 57 0.5263157894736842 38.0 -0.5257977843153743
71 5.248281403146249 56 0.48214285714285715 38.0 -0.5503925443429694
72 5.29671134900262 55 0.34545454545454546 38.0 -0.5179206795752451
73 4.2237462798165595 57 0.40350877192982454 38.0 -0.742601776883974
74 4.4453589916774545 56 0.48214285714285715 38.0 -0.4682025483219047
75 4.91414474729266 55 0.36363636363636365 38.0 -0.4372394826083008
76 5.742819103462449 53 0.5471698113207547 38.0 0.12013342881808034
77 3.9989973155214407 56 0.4642857142857143 38.0 -0.5099255433285708
78 4.76869633625616 54 0.5185185185185185 38.0 -0.12589601880875217
79 4.660602323790239 56 0.48214285714285715 38.0 -0.45406475301797117
80 3.8901085260411836 57 0.40350877192982454 38.0 -0.7304975107278487
81 5.252629364284282 54 0.5185185185185185 38.0 -0.05301453372336966
82 4.163681574244774 56 0.4642857142857143 38.0 -0.5718072090126418
83 5.009751797730043 54 0.5555555555555556 38.0 0.004191931279333349
84 4.016422332410106 56 0.375 38.0 -0.5537905823134663
85 4.766215265213408 56 0.6428571428571429 38.0 -0.28741039510287686
86 4.971875104744745 56 0.44642857142857145 38.0 -0.5255794894637731
87 4.666106711186499 56 0.6071428571428571 38.0 -0.2855129711004039
88 5.003737736138947 56 0.5 38.0 -0.38528924665888825
89 4.805468172776031 55 0.4727272727272727 38.0 -0.30484052381169613
90 4.398076962472959 56 0.4107142857142857 38.0 -0.6165526854816596
91 4.079850404544042 56 0.375 38.0 -0.5892704865097086
92 5.748821070580512 56 0.42857142857142855 38.0 -0.5013433494810656
93 3.447554676306839 58 0.43103448275862066 38.0 -1.0367912935327421
94 4.249021986545985 55 0.509090909090909 38.0 -0.24873792010355733
95 5.482680725360176 55 0.45454545454545453 38.0 -0.33708679987859463
96 5.108664340256251 55 0.509090909090909 38.0 -0.2711897183223988
97 4.34063585844356 57 0.5087719298245614 38.0 -0.5842225985005325
98 5.385927556209506 54 0.5185185185185185 38.0 -0.1462608366495473
99 4.473002261077334 56 0.6607142857142857 38.0 -0.16185772235090432
100 3.5968671623924786 58 0.43103448275862066 38.0 -0.8431280750941407
101 4.703116928863517 57 0.3508771929824561 38.0 -0.8155780222961548
102 5.115702133288988 55 0.45454545454545453 38.0 -0.4097947417039044
103 5.3311296308059894 53 0.5283018867924528 38.0 0.13397219409389818
104 5.8331712505726445 54 0.5370370370370371 38.0 -0.026636615827177752
105 4.69680878074502 54 0.6296296296296297 38.0 0.09388418303688918
106 4.472861324876582 56 0.42857142857142855 38.0 -0.6116965685947992
107 4.178181497788698 59 0.5254237288135594 38.0 -0.7851374297695184
108 4.328229665746052 56 0.42857142857142855 38.0 -0.5263488008416453
109 5.08739133430499 54 0.5185185185185185 38.0 -0.11388793443392134
110 4.380459467641029 55 0.509090909090909 38.0 -0.23155761849671644
111 4.502585882597667 56 0.5714285714285714 38.0 -0.2913925795443573
112 4.392503298580865 56 0.3392857142857143 38.0 -0.7023858826671662
113 6.1949321197621945 53 0.5283018867924528 38.0 0.07168675116114508
114 4.948495220790409 54 0.46296296296296297 38.0 -0.23294303549639864
115 4.928637101153632 57 0.43859649122807015 38.0 -0.580643221210797
116 4.629352470176504 54 0.48148148148148145 38.0 -0.14446502118335144
117 5.190026615193197 55 0.5636363636363636 38.0 -0.12737050880756823
118 2.775455554186789 58 0.5 38.0 -0.9144768565971272
119 5.045132391011083 54 0.5185185185185185 38.0 -0.059277429838816335
120 4.509438414007587 55 0.43636363636363634 38.0 -0.3285720567779423
121 4.755295788846445 56 0.5178571428571429 38.0 -0.43124036211925443
122 3.4193416577496607 58 0.5 38.0 -0.8374859978706042
123 4.353497930014724 55 0.4 38.0 -0.4411463531754711
124 4.473747904828772 56 0.44642857142857145 38.0 -0.5158481106234006
125 4.102332906909708 57 0.49122807017543857 38.0 -0.496111713868566
126 4.173563432766732 56 0.6071428571428571 38.0 -0.32450179535427587
127 3.3543975516869224 57 0.42105263157894735 38.0 -0.8248744697463973
128 4.010310899515228 57 0.5087719298245614 38.0 -0.5851663316999969
129 2.252473194543392 62 0.3064516129032258 38.0 -1.892611806574343
130 4.7230261929729 55 0.4727272727272727 38.0 -0.3816852968085942
131 4.931211942616578 54 0.48148148148148145 38.0 -0.20097449911783052
132 5.757323226538908 54 0.5740740740740741 38.0 0.030130646070306216
133 5.02824254738985 55 0.509090909090909 38.0 -0.2931681597261877
134 4.981135309615991 55 0.509090909090909 38.0 -0.26827415318228537
135 3.910338538693136 58 0.4482758620689655 38.0 -0.9166500356017274
136 5.015828015076855 56 0.4642857142857143 38.0 -0.5054472540996952
137 5.176275553625204 55 0.45454545454545453 38.0 -0.30348311890540886
138 5.166298402153189 56 0.5535714285714286 38.0 -0.4198097628374501
139 5.355648597288231 55 0.41818181818181815 38.0 -0.3891589397208854
140 5.177771619924013 55 0.45454545454545453 38.0 -0.32784610934895586
141 5.791916734418855 54 0.46296296296296297 38.0 -0.18974990392086752
142 6.448957693205871 53 0.4339622641509434 38.0 -0.08856650959154777
143 5.352599961590814 54 0.48148148148148145 38.0 -0.11913142616559327
144 3.827387626909893 58 0.3793103448275862 38.0 -0.9402390703712914
145 5.447354202729579 54 0.5740740740740741 38.0 -0.03214540863634421
146 5.549624895022308 54 0.48148148148148145 38.0 -0.10101436106607072
147 4.534007882305469 55 0.5272727272727272 38.0 -0.23917499510773427
148 3.4167725518892684 59 0.3728813559322034 38.0 -1.1759534926647166
149 4.532094913136871 56 0.44642857142857145 38.0 -0.48345062106797354
150 4.361319398930759 58 0.4482758620689655 38.0 -0.9349929361533007
151 5.062842514798219 55 0.5818181818181818 38.0 -0.09790684915262877
152 4.791871444902685 56 0.35714285714285715 38.0 -0.6794646334552698
153 5.018889969185201 56 0.5714285714285714 38.0 -0.423200103648613
154 4.561176489021345 54 0.3888888888888889 38.0 -0.26966079778364266
155 5.094432280635519 56 0.44642857142857145 38.0 -0.49201821031989285
156 5.345742899371016 54 0.5 38.0 -0.16603133525269584
157 5.087878180431297 56 0.6071428571428571 38.0 -0.254263056501575
158 4.375011511756448 55 0.41818181818181815 38.0 -0.3526413192419544
159 3.8559143536069715 58 0.43103448275862066 38.0 -0.7985333888446876
160 5.284403269914379 54 0.5 38.0 -0.08152948092634045
161 5.931339082590305 53 0.5094339622641509 38.0 0.07079927191352026
162 5.109858398981794 54 0.6296296296296297 38.0 0.09668684294097803
163 4.856588295135826 56 0.5 38.0 -0.4444382113923405
164 5.231744436417953 56 0.4642857142857143 38.0 -0.46559251883153063
165 4.623352155863445 57 0.6140350877192983 38.0 -0.4371453693646196
166 4.832016427466967 55 0.41818181818181815 38.0 -0.4102700245241776
167 5.563058432049046 54 0.5740740740740741 38.0 0.018335649345289133
0 -7.257973910938899 94 0.22340425531914893 38.0 -5.5854587694190885
